[hand_eye_calibration]
x = 6.45675433047
y = -6.55853835658
z = -4.85634781653
qw = 0.928388355519
qx = 0.0129351974824
qy = -0.0175433919518
qz = 0.37097165849

