[hand_eye_calibration]
x = 0.0138842217951
y = -0.454016514193
z = -47.6619558866
qw = 0.852990268398
qx = 0.520646636721
qy = 0.018132292824
qz = 0.0317159525543

