[hand_eye_calibration]
x = -0.144481287737
y = -0.575124310482
z = -0.520649648767
qw = 0.968342176334
qx = 0.214762715943
qy = 0.0799173739845
qz = 0.0990132249145

