[hand_eye_calibration]
x = 0.197834078584
y = -0.0810359863984
z = 0.152178128941
qw = 0.779133506072
qx = -0.150662377876
qy = -0.0421243373997
qz = 0.607023366772

