[hand_eye_calibration]
x = 0.0308022863626
y = -0.0736710971709
z = 0.0156210185711
qw = 0.923392098281
qx = 0.00621948086233
qy = -0.00179655113717
qz = 0.383803495677

