[hand_eye_calibration]
x = 0.249541532039
y = 0.0974059315458
z = 0.838162630596
qw = 0.481316447098
qx = 0.531470368494
qy = 0.508009279721
qz = 0.477284293564

