[hand_eye_calibration]
x = 0.0150312351246
y = -0.057205490963
z = 0.0285056564874
qw = 0.925196548688
qx = 0.00726305734234
qy = 0.00203670317008
qz = 0.379413291984

