[hand_eye_calibration]
x = -1.110100607111237
y = 0.46375063578447207
z = 0.7675922927171933
qw = 0.016823142403595337
qx = 0.8573298028947995
qy = -0.045210600860364075
qz = 0.5125022853781993

[base_cam_trans]
x = -1.1214715870864889
y = 0.46570659530200265
z = 0.737461977222247
qw = -0.6698236504747057
qx = 0.19764807774062632
qy = 0.14706514056244704
qz = 0.7004593914435885