[hand_eye_calibration]
x = -1.123014673291176
y = 0.4470039434597494
z = 0.7783326183098485
qw = 0.012728653439931268
qx = 0.8554731040521989
qy = -0.0414633998878988
qz = 0.5160276505136502

[base_cam_trans]
x = -1.1341589597253117
y = 0.4489253194363748
z = 0.7481155028074186
qw = -0.670475120702522
qx = 0.19102762700112214
qy = 0.14829754551759897
qz = 0.7014124294840479

