[hand_eye_calibration]
x = 0.0136401826542
y = -0.0589864638178
z = 0.0191960272602
qw = 0.924080066114
qx = 0.00785837747015
qy = 0.00296496450895
qz = 0.382106642575

